1527.0
1568.0
1570.0
3878.0
3935.0
4835.0
4900.0
8164.0
8221.0
8284.0
9453.0
11766.0
11813.0
12909.0
12919.0
13693.0
13715.0
14275.0
14285.0
14297.0
14306.0
14794.0
14836.0
15176.0
15236.0
15770.0
15809.0
15811.0
15864.0
15878.0
15887.0
15904.0
16766.0
16879.0
17637.0
21486.0
22464.0
24228.0
28443.0
29313.0
30566.0
31107.0
31843.0
38241.0
38299.0
39453.0
39507.0
39586.0
40806.0
40851.0
42053.0
42135.0
46645.0
48436.0
49158.0
49180.0
58176.0
62959.0
64532.0
65442.0
89238.0
91804.0
95042.0
95833.0
99172.0
